$ 1 0.000005 10.20027730826997 63 5 43 5e-11
x 224 -4 240 -1 4 24 A
v 32 272 32 144 0 0 40 5 0 0 0.5
w 32 272 32 336 0
g 32 336 -16 336 0 0
w 32 144 32 96 0
w 32 96 32 16 0
s 192 96 272 96 0 0 false
w 272 96 528 96 0
w 32 16 32 -32 0
w 592 -32 592 0 0
r 32 -32 192 -32 0 1000
r 32 96 192 96 0 100000
w 192 -32 592 -32 0
162 592 160 592 288 2 default-led 1 0 0 0.01
w 592 288 592 336 0
w 32 336 592 336 0
f 528 96 592 96 32 1.5 0.02
f 528 16 592 16 33 1.5 0.02
w 592 48 592 80 0
w 592 112 592 160 0
r 32 16 192 16 0 100000
s 192 16 272 16 0 0 false
w 272 16 528 16 0
w 592 48 592 32 0
x 222 71 238 74 4 24 B
