$ 1 0.000005 10.20027730826997 63 5 43 5e-11
s 192 144 272 144 0 0 false
x 221 4 237 7 4 24 A
x 221 116 237 119 4 24 B
x 221 244 238 247 4 24 C
s 192 272 272 272 0 0 false
w 272 144 352 144 0
w 272 272 352 272 0
t 352 144 416 144 0 1 0.011147766372675783 0.4792612595029935 100 default
t 352 272 416 272 0 1 0.011147766372677559 0.47926125950299525 100 default
w 416 96 416 128 0
r 144 144 192 144 0 100000
r 144 272 192 272 0 100000
w 96 144 144 144 0
w 96 272 144 272 0
v 32 272 32 144 0 0 40 5 0 0 0.5
w 32 144 96 144 0
w 96 144 96 272 0
w 32 272 32 336 0
g 32 336 -16 336 0 0
w 32 144 32 96 0
w 416 96 432 96 0
w 432 96 432 256 0
w 432 256 416 256 0
w 416 160 464 160 0
w 416 288 464 288 0
w 464 288 464 160 0
w 32 96 32 16 0
s 192 16 272 16 0 0 false
w 272 16 528 16 0
t 528 16 592 16 0 1 7.909228827429615e-13 0.6163022324785108 100 default
t 528 160 592 160 0 1 0.10359709251348015 0.6165595979122569 100 default
w 32 16 32 -32 0
w 592 -32 592 0 0
r 32 -32 192 -32 0 1000
r 32 16 192 16 0 100000
w 192 -32 592 -32 0
w 592 32 592 144 0
162 592 176 592 288 2 default-led 1 0 0 0.01
w 592 288 592 336 0
w 32 336 592 336 0
r 32 96 416 96 0 1000
r 464 160 528 160 0 100000
