$ 1 0.000005 10.20027730826997 50 5 50 5e-11
v 48 288 48 240 0 0 40 5 0 0 0.5
g 48 288 0 288 0 0
w 48 288 320 288 0
w 48 240 48 192 0
w 48 192 48 128 0
w 48 128 48 48 0
r 48 128 224 128 0 100000
r 48 192 224 192 0 100000
s 224 128 320 128 0 0 false
s 224 192 320 192 0 0 false
x 233 102 249 105 4 24 A
x 234 174 250 177 4 24 B
t 320 128 400 128 0 1 0.47093352796407517 0.5017438889843269 100 default
t 320 192 400 192 0 1 0.47199008200408743 0.4976053842495869 100 default
w 400 48 400 112 0
w 400 144 400 176 0
w 320 288 400 288 0
w 400 208 496 208 0
s 656 208 784 208 0 0 false
t 784 208 912 208 0 1 0.42486601219921716 0.6025610224798263 100 default
162 912 224 912 288 2 default-led 1 0 0 0.01
r 496 208 656 208 0 100000
w 448 288 400 288 0
w 912 288 448 288 0
r 496 144 656 144 0 100000
w 400 144 496 144 0
s 656 144 784 144 0 0 false
t 784 144 912 144 0 1 -0.03081035077655203 0.6022498859943213 100 default
w 912 48 912 128 0
w 912 160 912 192 0
r 48 48 400 48 0 1000
r 400 48 912 48 0 1000
x 309 -12 625 -9 4 36 AND\susando\sNAND
