$ 1 0.000005 382.76258214399064 50 5 50 5e-11
v 48 288 48 224 0 0 40 5 0 0 0.5
g 48 288 0 288 0 0
w 48 288 320 288 0
w 48 224 48 192 0
w 48 192 48 128 0
w 48 128 48 48 0
r 48 128 224 128 0 100000
r 48 192 224 192 0 100000
s 224 128 320 128 0 1 false
s 224 192 320 192 0 1 false
x 233 102 262 105 4 24 A1
x 234 174 263 177 4 24 B1
t 320 128 400 128 0 1 -1.8830964437225663 0.19636523611859058 100 default
t 320 192 400 192 0 1 -1.8830964437117732 0.19636523611796342 100 default
w 400 48 400 112 0
w 400 144 400 176 0
w 400 208 496 208 0
s 656 208 736 208 0 0 false
t 736 208 912 208 0 1 -4.158922480670973 0.31654139271276094 100 default
r 496 208 656 208 0 100000
r 496 144 656 144 0 100000
w 400 144 496 144 0
s 656 144 784 144 0 1 false
t 784 144 800 144 0 1 -4.258723793699822 0.2167400796839115 100 default
w 912 48 912 192 0
r 48 48 400 48 0 1000
r 400 48 800 48 0 1000
x 309 -12 603 -9 4 36 OR\susando\sNAND
x 697 113 726 116 4 24 A2
x 691 182 720 185 4 24 B2
162 656 288 448 288 2 default-led 1 0 0 0.01
w 800 48 912 48 0
w 912 224 912 288 0
w 912 288 800 288 0
w 800 288 656 288 0
w 448 288 320 288 0
w 800 128 800 48 0
w 800 160 800 288 0
v 80 432 80 384 0 0 40 5 0 0 0.5
r 80 384 112 384 0 100000
w 80 384 80 352 0
r 80 352 112 352 0 100000
w 80 352 80 320 0
w 80 320 112 320 0
s 112 352 160 352 0 0 false
s 112 384 160 384 0 0 false
r 112 320 160 320 0 1000
t 160 352 192 352 0 1 0.47942593824761204 0.49726778466994936 100 default
t 160 384 208 384 0 1 0.47982035459968975 0.49750777979015437 100 default
w 160 320 192 320 0
w 192 320 192 336 0
w 192 368 208 368 0
r 192 320 240 320 0 1000
r 208 368 240 368 0 100000
r 208 400 240 400 0 100000
s 240 368 288 368 0 0 false
s 240 400 288 400 0 0 false
t 288 368 320 368 0 1 0.4480277666098613 0.590577134680109 100 default
t 288 400 352 400 0 1 0.4476384459794842 0.5901878140497319 100 default
w 240 320 320 320 0
w 320 320 320 352 0
w 320 320 352 320 0
w 352 320 352 384 0
w 352 416 352 432 0
g 80 432 48 432 0 0
w 320 384 320 432 0
w 352 432 320 432 0
162 320 432 80 432 2 default-led 1 0 0 0.01
