$ 1 0.000005 10.634267539816555 43 2 50 5e-11
v -144 400 -144 208 0 0 40 5 0 0 0.5
w -144 400 128 400 0
w -144 208 128 208 0
w 128 96 -144 96 0
w -144 208 -144 96 0
w -144 0 -144 96 0
r 864 0 1136 0 0 1000
r 128 96 256 96 0 100000
r 128 208 256 208 0 100000
s 256 96 416 96 0 0 false
s 256 208 416 208 0 0 false
t 416 96 512 96 0 1 -0.03563614630343093 0.5093195202432401 100 default
t 416 208 512 208 0 1 0.41482101304086694 0.5108705104427447 100 default
g -144 400 -192 400 0 0
w 128 400 512 400 0
w 128 0 512 0 0
w 512 80 512 0 0
w 512 192 512 160 0
w 512 112 512 160 0
r 720 160 880 160 0 100000
s 880 160 1024 160 0 0 false
t 1024 160 1136 160 0 1 -0.6067369887894198 0.6296082795914828 100 default
w 1136 0 1136 144 0
w 512 400 1136 400 0
w 1136 176 1136 400 0
w 1136 0 1328 0 0
162 1328 0 1328 400 2 default-led 1 0 0 0.01
w 1328 400 1136 400 0
x 334 73 350 76 4 24 A
x 320 168 336 171 4 24 B
x 948 121 965 124 4 24 C
x 435 -78 645 -75 4 24 NOT\susando\sNAND
w 512 224 656 224 0
w 656 160 720 160 0
w 512 0 864 0 0
w 656 224 656 160 0
w -144 0 128 0 0
