$ 1 0.000005 11.086722712598126 65 5 43 5e-11
154 416 -32 960 -32 0 2 0 5
154 960 32 1616 32 0 2 0 5
w 960 -32 960 16 0
w 624 64 960 64 0
w 960 64 960 48 0
w 960 16 960 272 0
w 624 64 624 304 0
150 960 288 1264 288 0 2 0 5
w 624 304 960 304 0
M 1616 32 1728 32 2 2.5
152 1264 304 1728 304 0 2 5 5
w 400 -48 400 416 0
w 416 -16 416 448 0
150 464 432 768 432 0 2 5 5
w 416 448 464 448 0
w 400 416 464 416 0
w 768 432 1264 432 0
w 1264 432 1264 320 0
w 400 -48 416 -48 0
x 211 -45 227 -42 4 24 A
x 207 -14 223 -11 4 24 B
x 237 91 273 94 4 24 Cin
x 1707 0 1723 3 4 24 S
x 1780 259 1830 262 4 24 Cout
M 1728 304 1856 304 2 2.5
R 400 -48 192 -48 1 2 5 2.5 2.5 4.1887902047863905 0.5
R 416 -16 240 -16 1 2 5 2.5 2.5 6.283185307179586 0.5
R 624 64 208 64 1 2 5 2.5 2.5 2.0943951023931953 0.5
o 27 64 0 4099 5 0.00009765625 0 6 27 3 26 0 26 3 26 0 26 3
