$ 1 0.000005 382.76258214399064 50 5 43 5e-11
419 1648 -800 1840 -800 2048 3
154 704 -464 1040 -464 0 2 0 5
w 640 -480 704 -480 0
w 640 -480 640 -336 0
w 704 -448 704 -288 0
154 1040 -448 1216 -448 0 2 0 5
150 784 -176 1008 -176 0 2 0 5
150 784 -96 1008 -96 0 2 0 5
150 784 -16 1008 -16 0 2 0 5
w 640 -336 640 -192 0
w 640 -192 784 -192 0
w 640 -192 640 -112 0
w 704 -288 704 -160 0
w 704 -160 784 -160 0
w 704 -32 784 -32 0
w 560 -400 784 -400 0
w 784 -400 1040 -400 0
w 1040 -400 1040 -432 0
152 1008 -96 1168 -96 0 3 0 5
w 1008 -176 1008 -112 0
w 1008 -16 1008 -80 0
w 640 -112 784 -112 0
w 784 -80 640 -80 0
w 704 -32 704 -80 0
w 704 -80 704 -160 0
w 640 -80 640 -112 0
w 560 -400 560 32 0
w 560 32 1200 48 0
w 1232 -448 1232 -800 0
w 1232 -800 1648 -800 0
w 1232 -448 1216 -448 0
M 1168 -96 1232 -96 2 2.5
w 1328 64 1968 64 0
w 1328 -384 1328 64 0
w 1408 -64 1408 -96 0
w 1552 16 1552 -384 0
w 1472 -64 1472 -144 0
w 1472 -16 1472 -64 0
w 1552 -64 1408 -64 0
w 1408 -96 1552 -96 0
w 1776 0 1776 -64 0
w 1776 -160 1776 -96 0
152 1776 -80 1936 -80 0 3 0 5
w 1808 -384 1808 -416 0
w 1552 -384 1808 -384 0
w 1328 -384 1552 -384 0
w 1472 -16 1552 -16 0
w 1472 -144 1552 -144 0
w 1472 -272 1472 -144 0
w 1408 -176 1408 -96 0
w 1408 -176 1552 -176 0
w 1408 -320 1408 -176 0
150 1552 0 1776 0 0 2 0 5
150 1552 -80 1776 -80 0 2 0 5
150 1552 -160 1776 -160 0 2 0 5
154 1808 -432 1984 -432 0 2 0 5
w 1472 -432 1472 -272 0
w 1408 -464 1408 -320 0
w 1408 -464 1472 -464 0
154 1472 -448 1808 -448 0 2 0 5
w 1200 48 1200 32 0
w 1200 32 1952 32 0
w 1952 32 1952 -80 0
w 1936 -80 1952 -80 0
w 1984 -432 1984 -608 0
w 1984 -608 1632 -608 0
w 1632 -608 1632 -768 0
w 1632 -768 1648 -768 0
w 2256 -48 2256 -80 0
w 2400 32 2400 -368 0
w 2320 -48 2320 -128 0
w 2320 0 2320 -48 0
w 2400 -48 2256 -48 0
w 2256 -80 2400 -80 0
w 2624 16 2624 -48 0
w 2624 -144 2624 -80 0
152 2624 -64 2784 -64 0 3 0 5
w 2656 -368 2656 -400 0
w 2400 -368 2656 -368 0
w 2320 0 2400 0 0
w 2320 -128 2400 -128 0
w 2320 -256 2320 -128 0
w 2256 -160 2256 -80 0
w 2256 -160 2400 -160 0
w 2256 -304 2256 -160 0
150 2400 16 2624 16 0 2 0 5
150 2400 -64 2624 -64 0 2 0 5
150 2400 -144 2624 -144 0 2 0 5
154 2656 -416 2832 -416 0 2 5 5
w 2320 -416 2320 -256 0
w 2256 -448 2256 -304 0
w 2256 -448 2320 -448 0
154 2320 -432 2656 -432 0 2 0 5
w 1968 64 2784 80 0
w 2784 80 2784 -64 0
w 2832 -416 2832 -656 0
w 2832 -656 1648 -688 0
w 1648 -688 1648 -736 0
x 524 -486 540 -483 4 24 A
x 530 -437 546 -434 4 24 B
x 1167 -113 1217 -110 4 24 Cout
x 517 -390 553 -387 4 24 Cin
x 1269 -374 1305 -371 4 24 Cin
x 1282 -421 1298 -418 4 24 B
x 1276 -470 1292 -467 4 24 A
x 2115 -365 2151 -362 4 24 Cin
x 2128 -412 2144 -409 4 24 B
x 2122 -461 2138 -458 4 24 A
x 1903 -129 1953 -126 4 24 Cout
x 2767 -129 2817 -126 4 24 Cout
R 640 -480 560 -480 1 1 5 2.5 2.5 2.0943951023931953 0.159154943092
R 704 -448 560 -448 1 1 5 2.5 2.5 4.1887902047863905 0.5
R 2256 -448 2176 -448 1 1 5 2.5 2.5 2.0943951023931953 0.5
R 2320 -416 2176 -416 1 1 5 2.5 2.5 4.1887902047863905 0.5
R 1408 -464 1344 -464 1 1 5 2.5 2.5 2.0943951023931953 0.5
R 1472 -432 1344 -432 1 1 5 2.5 2.5 4.1887902047863905 0.5
R 2400 -368 2176 -368 1 1 5 2.5 2.5 6.283185307179586 0.5
