$ 1 0.000005 10.20027730826997 50 5 43 5e-11
154 416 -32 960 -32 0 2 0 5
L 400 -48 240 -48 2 0 false 5 0
L 416 -16 240 -16 2 0 false 5 0
L 624 64 240 64 2 0 false 5 0
154 960 32 1616 32 0 2 0 5
w 960 -32 960 16 0
w 624 64 960 64 0
w 960 64 960 48 0
w 960 16 960 272 0
w 624 64 624 304 0
150 960 288 1264 288 0 2 0 5
w 624 304 960 304 0
M 1616 32 1728 32 2 2.5
152 1264 304 1728 304 0 2 0 5
w 400 -48 400 416 0
w 416 -16 416 448 0
150 464 432 768 432 0 2 0 5
w 416 448 464 448 0
w 400 416 464 416 0
w 768 432 1264 432 0
w 1264 432 1264 320 0
w 400 -48 416 -48 0
x 211 -45 227 -42 4 24 A
x 207 -14 223 -11 4 24 B
x 169 68 205 71 4 24 Cin
x 1707 0 1723 3 4 24 S
x 1780 259 1830 262 4 24 Cout
M 1728 304 1856 304 2 2.5
196 1056 -400 1408 -400 2 4
L 1056 -400 1008 -400 0 1 false 5 0
L 1056 -368 992 -368 0 1 false 5 0
L 1056 -336 992 -336 0 1 false 5 0
L 1056 -304 992 -304 0 1 false 5 0
L 1056 -272 1008 -272 0 1 false 5 0
L 1056 -240 992 -240 0 1 false 5 0
L 1056 -208 976 -208 0 1 false 5 0
L 1056 -176 1008 -176 0 1 false 5 0
L 1056 -144 976 -144 0 1 false 5 0
M 1152 -400 1248 -384 0 2.5
M 1152 -336 1264 -304 0 2.5
M 1152 -304 1264 -272 0 2.5
M 1152 -272 1264 -240 0 2.5
M 1152 -240 1264 -208 0 2.5
